7 8.906352215891646 8.717134497463253 0.495513353915494
10 3.274510557004664 9.279540606451778 -0.132526868487233
12 1.595981100184001 5.389724431406874 0.999682880356899
13 8.835275928256237 2.669601287960501 0.555947172507315
14 2.056875764512469 4.518593313276626 0.884171190913532
16 1.175015764321339 8.473189033996988 0.922695916381285
17 6.465048528555596 2.845882695512878 0.180862380205342
19 2.696159654027209 5.694105539041241 0.430848669959020
21 1.396972247186055 4.302617809502230 0.984930595332692
23 6.339095081014560 5.442476116122575 0.055880650300687
25 1.846268692172546 6.947421129155061 0.962296820889075
27 1.057165827209150 5.761855963954924 0.870966432636476
29 2.109649159310957 6.645175528864803 0.858297916957060
31 4.324437096159825 5.483947046011568 -0.925685789309943
65 6.871330561803620 4.219823605629672 0.554818883451099
68 1.942579642925657 7.398356108716412 0.931680988813911
70 4.619017174691146 9.317643466185633 -0.995644019057704
72 5.801554818177886 5.423506597687569 -0.463224796548301
73 1.434675978986179 3.641675242735205 0.990749921396769
75 8.728739824967720 8.161053273137982 0.641182438353385
77 6.377362751236198 3.398315454851487 0.094038289686374
79 2.736121001150791 4.680012629053738 0.394452213416102
85 8.133316075269276 8.429492239562508 0.961239156346244
86 1.803815914994925 5.257570340800894 0.972973558912244
88 9.461322129940134 4.398413496332176 -0.036536035735233
90 4.532644544756921 8.407752797140354 -0.983889414239202
91 6.012668522567139 5.856521025599910 -0.267229463018335
93 2.406428937877137 5.163018303571596 0.670708596001006
94 2.648463507381425 3.691825734674784 0.473384528106547
96 5.051571916949081 7.053546292127159 -0.943026830919235
97 8.847605286046408 3.093098534156758 0.545656797562584
98 8.878230540944211 5.023434867649065 0.519740710221190
99 7.732625463741009 8.185898383981256 0.992645372785982
101 8.575370148923101 8.701621886516969 0.750889439230427
102 4.941010976390667 6.738830507085815 -0.973979624398948
104 6.724455274666154 6.480606514720670 0.427088126471603
106 9.613661349901840 5.434234581613904 -0.187762260866963
109 5.097765502589412 3.429294000924810 -0.926656960626725
112 9.689537894718971 7.771154068487062 -0.261677574659644
116 3.175314259362637 6.179846964704316 -0.033715215067449
119 8.127987842476028 4.643569241114898 0.962694583365307
122 7.375921355310551 8.733379317508078 0.887888976469898
123 7.979605700904010 4.311850181125990 0.992119668645913
125 9.626000028870488 6.801023534224049 -0.199866890247302
127 1.224111750400812 5.925138468985979 0.940504399446393
129 9.684288552130111 5.283333351072561 -0.256607561518763
132 1.832691842789833 6.962191824338424 0.965900942018384
134 1.345483677763782 8.776056815461256 0.974724305439346
136 8.333971367432722 9.038155163330503 0.886999663607729
138 1.450404071669793 9.260123553150899 0.992761601749430
139 9.705032653217105 9.121939762389697 -0.276600413160097
140 1.584627015817897 3.091065776684324 0.999904357545193
147 9.690774965690801 3.691574486533353 -0.262871339791763
151 3.690106946482900 9.240901996402313 -0.521420050785055
153 2.597402573158885 7.787535522705652 0.517725336220096
155 9.805899576954291 1.451789240770814 -0.371961841167014
157 1.703397261383890 4.956758851965965 0.991221370282315
158 7.169904184489040 1.286340248080245 0.775002390267676
160 9.419309085482627 1.981477052226810 0.005468848025729
161 7.369487597489046 1.598701334399511 0.884910720280546
162 3.801120629292031 7.825043838982681 -0.612743888155628
164 7.484044932177361 8.144502303058294 0.932350233345235
165 3.948669535160954 2.009420411018508 -0.722268597286761
167 3.380105036317047 9.458334201043957 -0.236257384792508
169 5.133579801089854 8.012232084334910 -0.912602723432205
175 2.153029670042018 1.915371136949257 0.835236639311584
177 8.407455847347727 1.333223652376314 0.850703453703912
178 5.477734537242954 1.425740399538096 -0.721143003461945
179 3.966543136753788 4.856734660161823 -0.734514181352080
180 6.998469910263625 7.435778261041618 0.655832292007275
182 3.744153677725915 7.409421968000375 -0.566754323814530
183 1.167349742391030 3.540712748743504 0.919713362864357
185 7.278472299327089 2.405414261987476 0.838915199678898
186 8.163790304881681 7.651148200991122 0.952391919046567
187 1.753049688732188 9.604613490589607 0.983437776902119
190 4.630712144669156 6.380466852110894 -0.996666301160140
192 5.826881058444290 9.347236901070996 -0.440633495506797
193 6.525043695470935 4.460926701511724 0.239507338041897
194 1.727762672592094 9.225795386238929 0.987706056229972
195 4.430179616461240 3.710263621037421 -0.960442523013830
197 8.593113679919306 4.610757796127480 0.739053531422859
198 6.308033288194245 5.670970026652136 0.024845424144573
200 4.030958117493785 5.730501988554503 -0.776672206464955
202 2.540176657675541 6.062543952575520 0.565810578796566
204 2.290794192977504 4.469166347490834 0.751807136145665
207 8.044789362074891 6.348252836190840 0.981851368155489
213 7.661477129827159 9.789847662550038 0.981528157896710
215 2.215934024371030 4.702146728289137 0.799016975799740
217 2.787122902193989 2.964453434823598 0.347093130652282
219 4.285663162530582 5.063963451975505 -0.910325786000446
221 9.470590229204923 7.091648438534984 -0.045796245260918
222 2.524818793444733 5.153145686233549 0.578406455667800
224 5.468213032786768 6.984945002144871 -0.727706582202193
226 6.112635929132261 9.974880903654169 -0.169723782143488
228 6.861113223250306 6.847498745133011 0.546289540739132
231 9.439637717936344 5.936971489688315 -0.014859210303271
233 3.750786383646954 7.262523756644715 -0.572206416409271
237 9.510518316388191 8.661624366496874 -0.085635342161738
239 9.745744411263759 5.280317016024397 -0.315483802605646
247 3.468756155945604 6.894478270128785 -0.321358281535840
