33 3.798084607882410 7.642697425497136 26880.487715493065480
34 1.550444773198488 9.762858030752982 72.343219207636736
35 9.847656642530175 3.615085215082576 3899.267877896059872
36 6.054467356977508 1.830306264206197 27.004646447658363
37 9.898599729549360 8.920020525629358 759518577.183219313621521
38 6.650987264573899 5.928037996847221 75526.639956342449295
39 2.795343275678194 5.892500259941576 427.188178274699567
40 1.170215412953431 2.858182454857882 1.567170152132423
42 8.406778441136581 6.434488830462155 890264.068283678381704
43 7.078436694114835 1.237321827086182 11.262791325327361
45 2.768572872908410 9.415185813267565 14585.523909811310659
47 1.774931746532251 9.829270199854266 281.367439466889607
49 3.943574726403020 7.605479341436379 34043.143265242979396
50 1.333141435007199 9.655246879748402 16.058715325032956
52 6.368495880709595 2.208513341441404 59.665894976698510
53 5.885341457037410 4.688220144878621 4063.114175228770364
57 6.098814371227670 2.560479505136766 102.471900655571375
60 8.193138748575782 4.000157076584650 4507.593251070995393
61 4.418789284854846 3.414731851593340 159.785625045014001
62 7.288851331781353 9.865837806753714 324231112.010875642299652
63 9.472771711882281 2.547403052299154 307.242062370253905
64 5.710833189960985 4.344435642411715 1938.349868852131522
66 7.699498551715843 1.894290945360606 47.776879032520633
67 1.471822168914691 7.289598311631729 16.733932146053910
69 5.302188576674320 8.266359075460702 974106.781697134836577
81 1.119491064324298 2.656081174729943 1.349592873534466
83 4.803519877754580 2.380960933395508 41.953361364371560
92 4.642658549170521 4.040026433594148 494.032216740034073
100 5.550845398285199 2.785206514409218 118.356987394352544
103 9.951544596520508 2.805590285910142 630.480813969825135
105 3.921751177330118 5.491625165287020 1816.226042265456726
111 3.084435717573326 1.936902778846898 8.861062878810490
114 7.074811871602041 4.141323979280771 3303.274569588691975
118 5.336194517639198 1.178059043035961 7.189883019366264
121 9.680728265914967 5.012105315661817 87392.643645754826139
124 6.943423236746356 4.764923906001663 10233.739287481750580
126 8.026307970471297 6.465217880009643 704517.604873929522000
128 1.887264054265050 3.299167829556127 8.128647023807970
130 9.423166742910446 9.363510823876323 1324045754.979775190353394
131 6.429563610645342 9.651931977106658 63170285.195387974381447
133 4.798349880131616 3.650606789528064 306.477614580636669
135 2.415363333595200 9.145375367536824 3180.668736448773416
137 8.816957840119903 5.692809685861603 240724.235825445852242
141 3.144461997269152 4.944819570035330 288.587110888547898
142 7.010171936480114 7.314000946772779 1533417.066286010202020
144 7.127230110766842 8.715524315056630 27142622.287118792533875
146 8.306654360424545 9.727674385976945 878775844.266673326492310
148 8.644506313900317 7.690289039577444 15988321.071915620937943
150 1.165823708824039 3.289954562994965 1.656605724940957
152 3.763455974684540 3.060141494940742 57.726758696297900
154 9.806402253972507 9.646413972586267 3668707275.474106788635254
156 2.248127380319767 8.450274075417095 939.686866866784953
159 7.821849055222406 6.558231578534553 721988.230819412972778
163 6.305853100495066 7.058335088407214 441428.199391956964973
166 7.774607574066426 2.662702779068421 235.294651988022935
168 5.909076211681049 5.622904802175615 21786.186385531687847
170 8.950204338298255 4.825044862704058 39141.430030932831869
171 4.504986749243906 6.395028887539335 15149.173189466984695
172 4.398856871367993 2.299238767522314 30.143375298727726
173 4.607260896300925 5.012255540225333 2115.168056779051767
174 6.030032531178546 5.142756314729572 10303.714909045564127
184 4.888038346687805 3.936194021512624 515.902353898584352
188 5.552248764042577 9.928675429120331 24637136.801555272191763
189 9.448187147409062 7.022216818932687 7064941.179027845151722
196 2.666721195141299 8.457870582511509 4007.407617392667362
199 6.612396162243900 4.169712240890111 2634.270703327510546
201 5.565409385099792 6.508122103335783 71086.357104763868847
203 7.711219554335569 1.016352740212816 7.973150496135556
205 8.256493813452309 5.336643148457051 78092.850686503981706
206 9.501917671484607 8.786865266216232 390747155.751031875610352
208 6.073458340743743 5.650732545064555 26729.302360799021699
209 7.124013800405953 6.498246504370131 347708.765812764759175
211 1.606271844093390 9.920357656051845 110.102848948629457
212 4.138738500833470 3.596295945525061 165.363570512608078
214 2.342552729689589 6.101782436054725 180.203880054143383
216 5.522289059023722 4.486496608740840 2135.575772686711389
220 7.351640739561056 8.507079855900908 23463901.122312940657139
223 3.852058006225933 1.351685957781721 6.189745006013348
232 5.112178914913074 1.203579788096011 7.126296915899326
235 7.254337458257570 1.319603861942054 13.666210949240954
236 9.003476438261730 3.288149332261311 1374.812171213504371
241 4.731368061948111 2.149118084976000 28.224496096627835
242 1.580258590700997 4.250134054812502 6.992320400641725
244 4.117158498527328 1.471690583104049 8.025969042938135
245 4.018054967048377 5.163186560716733 1314.155149194881005
253 4.074818133097249 6.323327418946703 7209.648640014533157
255 6.964133853387934 3.765543953564160 1492.289726348449449
257 8.214993569367282 2.532929601305964 207.317384361028559
259 6.414331725438905 2.292188221792730 70.817887824029825
261 4.110947309796286 3.722914676911899 193.042684860118499
262 4.415581240411396 4.896702423342629 1439.838270955732014
263 2.564687004530809 9.044357712038998 5005.565741974090088
268 3.004321490190712 8.213811822587502 8396.901606297024045
270 9.924262082232039 9.919391771762930 7702650081.491040229797363
272 9.289324479310364 1.124107217749893 12.249488400878279
274 2.176503923380658 5.072534789079572 51.676915385851196
276 2.641670751761988 1.846594505993940 6.012275417134861
278 3.319434609060213 8.515830559799372 27371.193649377164547
280 1.376355563843607 1.658411913206220 1.698527375103558
282 5.071460945936263 2.270918917265587 39.930069206955793
